0,100,100000000,105,100
0,100,100000000,91,100
0,100,100000000,95,100
0,100,100000000,90,100
0,100,100000000,94,100
0,100,100000000,91,100
0,100,100000000,93,100
0,100,100000000,93,100
0,100,100000000,92,100
0,100,100000000,90,100
0,100,100000000,104,100
0,100,100000000,93,100
0,100,100000000,92,100
0,100,100000000,95,100
0,100,100000000,95,100
0,100,100000000,90,100
0,100,100000000,91,100
0,100,100000000,98,100
0,100,100000000,92,100
0,100,100000000,91,100
0,100,100000000,95,100
0,100,100000000,91,100
0,100,100000000,93,100
0,100,100000000,92,100
0,100,100000000,90,100
0,100,100000000,93,100
0,100,100000000,91,100
0,100,100000000,92,100
0,100,100000000,91,100
0,100,100000000,91,100
0,100,100000000,91,100
0,100,100000000,93,100
0,100,100000000,91,100
0,100,100000000,92,100
0,100,100000000,91,100
0,100,100000000,93,100
0,100,100000000,91,100
0,100,100000000,93,100
0,100,100000000,92,100
0,100,100000000,93,100
0,100,100000000,93,100
0,100,100000000,91,100
0,100,100000000,93,100
0,100,100000000,96,100
0,100,100000000,91,100
0,100,100000000,91,100
0,100,100000000,98,100
0,100,100000000,94,100
0,100,100000000,91,100
0,100,100000000,91,100
0,100,100000000,92,100
0,100,100000000,91,100
0,100,100000000,92,100
0,100,100000000,92,100
0,100,100000000,93,100
0,100,100000000,92,100
0,100,100000000,91,100
0,100,100000000,91,100
0,100,100000000,91,100
0,100,100000000,92,100
0,100,100000000,91,100
0,100,100000000,93,100
0,100,100000000,91,100
0,100,100000000,91,100
0,100,100000000,90,100
0,100,100000000,91,100
0,100,100000000,92,100
0,100,100000000,91,100
0,100,100000000,94,100
0,100,100000000,94,100
0,100,100000000,92,100
0,100,100000000,91,100
0,100,100000000,91,100
0,100,100000000,91,100
0,100,100000000,91,100
0,100,100000000,90,100
0,100,100000000,91,100
0,100,100000000,92,100
0,100,100000000,91,100
0,100,100000000,92,100
0,100,100000000,91,100
0,100,100000000,91,100
0,100,100000000,92,100
0,100,100000000,91,100
0,100,100000000,91,100
0,100,100000000,91,100
0,100,100000000,92,100
0,100,100000000,92,100
0,100,100000000,90,100
0,100,100000000,90,100
0,100,100000000,91,100
0,100,100000000,92,100
0,100,100000000,92,100
0,100,100000000,90,100
0,100,100000000,90,100
0,100,100000000,92,100
0,100,100000000,91,100
0,100,100000000,91,100
0,100,100000000,92,100
0,100,100000000,91,100
0,100,100000000,695,1,5
0,100,100000000,186,4,4
0,100,100000000,182,4,4
0,100,100000000,183,4,4
0,100,100000000,182,4,4
0,100,100000000,181,4,4
0,100,100000000,182,4,4
0,100,100000000,182,4,4
0,100,100000000,181,4,4
0,100,100000000,182,4,4
0,100,100000000,182,4,4
0,100,100000000,181,4,4
0,100,100000000,181,4,4
0,100,100000000,182,4,4
0,100,100000000,181,4,4
0,100,100000000,182,4,4
0,100,100000000,182,4,4
0,100,100000000,182,4,4
0,100,100000000,181,4,4
0,100,100000000,181,4,4
0,100,100000000,182,4,4
0,100,100000000,182,4,4
0,100,100000000,185,4,4
0,100,100000000,182,4,4
0,100,100000000,182,4,4
0,100,100000000,182,4,4
0,100,100000000,182,4,4
0,100,100000000,182,4,4
0,100,100000000,182,4,4
0,100,100000000,182,4,4
0,100,100000000,182,4,4
0,100,100000000,182,4,4
0,100,100000000,182,4,4
0,100,100000000,182,4,4
0,100,100000000,182,4,4
0,100,100000000,182,4,4
0,100,100000000,182,4,4
0,100,100000000,182,4,4
0,100,100000000,182,4,4
0,100,100000000,182,4,4
0,100,100000000,181,4,4
0,100,100000000,182,4,4
0,100,100000000,182,4,4
0,100,100000000,182,4,4
0,100,100000000,182,4,4
0,100,100000000,182,4,4
0,100,100000000,182,4,4
0,100,100000000,182,4,4
0,100,100000000,182,4,4
0,100,100000000,182,4,4
0,100,100000000,182,4,4
0,100,100000000,182,4,4
0,100,100000000,181,4,4
0,100,100000000,182,4,4
0,100,100000000,182,4,4
0,100,100000000,182,4,4
0,100,100000000,182,4,4
0,100,100000000,182,4,4
0,100,100000000,182,4,4
0,100,100000000,182,4,4
0,100,100000000,182,4,4
0,100,100000000,183,4,4
0,100,100000000,184,4,4
0,100,100000000,180,4,4
0,100,100000000,183,4,4
0,100,100000000,181,4,4
0,100,100000000,181,4,4
0,100,100000000,181,4,4
0,100,100000000,182,4,4
0,100,100000000,182,4,4
0,100,100000000,182,4,4
0,100,100000000,182,4,4
0,100,100000000,182,4,4
0,100,100000000,181,4,4
0,100,100000000,183,4,4
0,100,100000000,182,4,4
0,100,100000000,182,4,4
0,100,100000000,182,4,4
0,100,100000000,181,4,4
0,100,100000000,182,4,4
0,100,100000000,182,4,4
0,100,100000000,181,4,4
0,100,100000000,181,4,4
0,100,100000000,182,4,4
0,100,100000000,181,4,4
0,100,100000000,181,4,4
0,100,100000000,182,4,4
0,100,100000000,183,4,4
0,100,100000000,182,4,4
0,100,100000000,182,4,4
0,100,100000000,181,4,4
0,100,100000000,183,4,4
0,100,100000000,184,4,4
0,100,100000000,181,4,4
0,100,100000000,182,4,4
0,100,100000000,181,4,4
0,100,100000000,184,4,4
0,100,100000000,184,4,4
0,100,100000000,182,4,4
0,100,100000000,181,4,4
0,100,100000000,184,4,4
0,100,100000000,185,4,4
0,100,100000000,693,1,4
0,100,100000000,694,1,4
0,100,100000000,692,1,4
0,100,100000000,693,1,4
0,100,100000000,692,1,4
0,100,100000000,688,1,4
0,100,100000000,702,1,4
0,100,100000000,697,1,4
0,100,100000000,690,1,4
0,100,100000000,694,1,4
0,100,100000000,692,1,4
0,100,100000000,691,1,4
0,100,100000000,704,1,4
0,100,100000000,693,1,4
0,100,100000000,693,1,4
0,100,100000000,690,1,4
0,100,100000000,690,1,4
0,100,100000000,687,1,4
0,100,100000000,686,1,4
0,100,100000000,687,1,4
0,100,100000000,690,1,4
0,100,100000000,690,1,4
0,100,100000000,691,1,4
0,100,100000000,690,1,4
0,100,100000000,688,1,4
0,100,100000000,693,1,4
0,100,100000000,692,1,4
0,100,100000000,692,1,4
0,100,100000000,687,1,4
0,100,100000000,688,1,4
0,100,100000000,687,1,4
0,100,100000000,686,1,4
0,100,100000000,686,1,4
0,100,100000000,686,1,4
0,100,100000000,686,1,4
0,100,100000000,688,1,4
0,100,100000000,688,1,4
0,100,100000000,686,1,4
0,100,100000000,689,1,4
0,100,100000000,686,1,4
0,100,100000000,687,1,4
0,100,100000000,686,1,4
0,100,100000000,688,1,4
0,100,100000000,686,1,4
0,100,100000000,687,1,4
0,100,100000000,687,1,4
0,100,100000000,687,1,4
0,100,100000000,687,1,4
0,100,100000000,690,1,4
0,100,100000000,690,1,4
0,100,100000000,687,1,4
0,100,100000000,689,1,4
0,100,100000000,688,1,4
0,100,100000000,686,1,4
0,100,100000000,687,1,4
0,100,100000000,688,1,4
0,100,100000000,687,1,4
0,100,100000000,686,1,4
0,100,100000000,684,1,4
0,100,100000000,686,1,4
0,100,100000000,688,1,4
0,100,100000000,688,1,4
0,100,100000000,690,1,4
0,100,100000000,687,1,4
0,100,100000000,690,1,4
0,100,100000000,687,1,4
0,100,100000000,686,1,4
0,100,100000000,686,1,4
0,100,100000000,688,1,4
0,100,100000000,687,1,4
0,100,100000000,685,1,4
0,100,100000000,686,1,4
0,100,100000000,686,1,4
0,100,100000000,686,1,4
0,100,100000000,689,1,4
0,100,100000000,689,1,4
0,100,100000000,687,1,4
0,100,100000000,685,1,4
0,100,100000000,686,1,4
0,100,100000000,686,1,4
0,100,100000000,685,1,4
0,100,100000000,686,1,4
0,100,100000000,687,1,4
0,100,100000000,686,1,4
0,100,100000000,687,1,4
0,100,100000000,687,1,4
0,100,100000000,687,1,4
0,100,100000000,687,1,4
0,100,100000000,688,1,4
0,100,100000000,686,1,4
0,100,100000000,693,1,4
0,100,100000000,693,1,4
0,100,100000000,689,1,4
0,100,100000000,687,1,4
0,100,100000000,687,1,4
0,100,100000000,688,1,4
0,100,100000000,688,1,4
0,100,100000000,685,1,4
0,100,100000000,686,1,4
0,100,100000000,686,1,4
0,100,100000000,694,1,2
0,100,100000000,696,1,2
0,100,100000000,693,1,2
0,100,100000000,692,1,2
0,100,100000000,686,1,2
0,100,100000000,689,1,2
0,100,100000000,691,1,2
0,100,100000000,689,1,2
0,100,100000000,689,1,2
0,100,100000000,689,1,2
0,100,100000000,690,1,2
0,100,100000000,688,1,2
0,100,100000000,689,1,2
0,100,100000000,688,1,2
0,100,100000000,687,1,2
0,100,100000000,183,4,4
0,100,100000000,183,4,4
0,100,100000000,184,4,2
